198 tcp telnet SF 2442 10661 0 0 0 2 0 1 6 1 0 4 0 0 0 0 0 0 1 1 0 0 0 0 1 0 0 255 1 0 0.37 0 0 0 0 0 0 buffer_overflow 1
92 tcp telnet SF 2458 9336 0 0 0 6 0 1 8 1 0 2 0 0 0 0 0 0 1 1 0 0 0 0 1 0 0 146 19 0.13 0.03 0.01 0 0 0 0 0 buffer_overflow 0
69 tcp telnet SF 2458 223095 0 0 0 6 0 1 36 1 0 31 0 0 0 0 0 0 1 1 0 0 0 0 1 0 0 120 28 0.23 0.03 0.01 0 0 0 0 0 buffer_overflow 0
8 tcp ftp SF 220 688 0 0 0 4 0 1 0 0 0 0 4 0 0 0 0 0 1 1 0 0 0 0 1 0 0 53 27 0.51 0.08 0.02 0 0 0 0 0 buffer_overflow 1
72 tcp telnet SF 2783 15142 0 0 0 10 0 1 2 1 0 0 0 0 0 0 0 0 1 1 0 0 0 0 1 0 0 255 56 0.22 0.15 0 0 0 0 0.98 0.98 buffer_overflow 4
30 tcp telnet SF 137 1403 0 0 0 0 0 1 0 0 0 0 1 0 0 0 0 0 1 1 0 0 0 0 1 0 0 235 17 0.07 0.03 0 0 0 0 0 0 buffer_overflow 1
2224 tcp telnet SF 3548 37496 0 0 0 0 1 1 15 0 0 3 4 0 1 0 0 0 1 1 0 0 0 0 1 0 0 255 164 0.64 0.02 0 0 0.59 0.91 0.02 0.01 buffer_overflow 12
0 tcp ftp_data SF 0 5928 0 0 0 0 0 0 0 0 0 0 0 0 0 0 0 0 2 2 0 0 0 0 1 0 0 2 8 1 0 1 0.25 0 0 0 0 buffer_overflow 14
84 tcp telnet SF 2742 5433 0 0 0 6 0 1 5 1 0 1 1 1 0 0 0 0 1 1 0 0 0 0 1 0 0 255 1 0 0.01 0 0 0 0 0 0 buffer_overflow 1
71 tcp telnet SF 2783 15242 0 0 0 10 0 1 2 1 0 0 0 0 0 0 0 0 1 1 0 0 0 0 1 0 0 255 1 0 0.01 0 0 0 0 0 0 buffer_overflow 1
253 tcp telnet SF 1734 3196 0 0 0 3 0 1 2 1 0 0 1 0 0 0 0 0 1 1 0 0 0 0 1 0 0 251 24 0.1 0.02 0 0 0 0.04 0 0.04 buffer_overflow 1
62 tcp telnet SF 2615 4233 0 0 0 5 0 1 2 1 0 0 0 0 0 0 0 0 1 1 0 0 0 0 1 0 0 255 1 0 0.07 0 0 1 0 0 0 buffer_overflow 3
0 tcp ftp_data SF 0 5020 0 0 0 0 0 0 0 0 0 0 0 0 0 0 0 0 3 3 0 0 0 0 1 0 0 3 9 1 0 1 0.22 0 0 0 0 buffer_overflow 14
26 tcp telnet SF 156 1561 0 0 0 7 0 1 1 1 0 0 0 0 0 0 0 0 1 1 0 0 0 0 1 0 0 255 162 0.64 0.02 0 0 0 0.01 0.39 0.24 buffer_overflow 6
58 tcp telnet SF 2615 4233 0 0 0 5 0 1 2 1 0 0 0 0 0 0 0 0 1 1 0 0 0 0 1 0 0 10 2 0.2 0.2 0.1 0 0 0 0 0 buffer_overflow 1
154 tcp telnet SF 1510 3349 0 0 0 3 0 1 2 1 0 0 1 0 0 0 0 0 1 1 0 0 0 0 1 0 0 255 35 0.14 0.03 0 0 0 0 0 0 buffer_overflow 0
684 tcp telnet SF 2715 13392 0 0 0 1 1 1 8 0 0 3 5 0 0 0 0 0 1 1 0 0 0 0 1 0 0 255 14 0.05 0.71 0 0 0 0 0.68 0.07 buffer_overflow 3
192 tcp telnet SF 1713 18570 0 0 0 3 0 1 49 1 0 45 2 1 2 0 0 0 1 1 0 0 0 0 1 0 0 151 32 0.04 0.03 0.01 0.06 0 0 0 0.53 buffer_overflow 0
1964 tcp telnet SF 3760 29364 0 0 0 2 0 1 8 1 0 4 4 0 0 0 0 0 1 1 0 0 0 0 1 0 0 255 3 0.01 0.84 0 0 0 0 0.83 0 buffer_overflow 1
373 tcp telnet SF 2954 4768 0 0 0 0 0 1 3 0 0 1 6 0 1 0 0 0 1 1 0 0 0 0 1 0 0 255 13 0.05 0.72 0 0 0 0 0.69 0.08 buffer_overflow 1
0 tcp other SF 240 619 0 0 0 0 0 0 0 0 0 0 0 0 0 0 0 0 2 2 0 0 0 0 1 0 0 66 11 0.17 0.08 0.02 0 0 0 0.11 0.64 httptunnel 6
0 tcp other REJ 0 0 0 0 0 0 0 0 0 0 0 0 0 0 0 0 0 0 1 1 0 0 1 1 1 0 0 255 18 0.07 0.02 0 0 0 0 0.08 0.94 httptunnel 16
0 tcp other SF 240 622 0 0 0 0 0 0 0 0 0 0 0 0 0 0 0 0 2 2 0 0 0 0 1 0 0 255 28 0.11 0.02 0 0 0 0 0.09 0.75 httptunnel 5
0 tcp other REJ 0 0 0 0 0 0 0 0 0 0 0 0 0 0 0 0 0 0 2 1 0 0 0.5 1 0.5 1 0 255 8 0.03 0.02 0 0 0 0 0.03 1 httptunnel 20
0 tcp other REJ 0 0 0 0 0 0 0 0 0 0 0 0 0 0 0 0 0 0 1 1 0 0 1 1 1 0 0 255 4 0.02 0.02 0 0 0 0 0.02 1 httptunnel 18
0 tcp other REJ 0 0 0 0 0 0 0 0 0 0 0 0 0 0 0 0 0 0 1 1 0 0 1 1 1 0 0 255 28 0.11 0.02 0 0 0 0 0.09 0.75 httptunnel 16
0 tcp other REJ 0 0 0 0 0 0 0 0 0 0 0 0 0 0 0 0 0 0 1 1 0 0 1 1 1 0 0 118 17 0.14 0.06 0.01 0 0 0 0.09 0.65 httptunnel 11
0 tcp other REJ 0 0 0 0 0 0 0 0 0 0 0 0 0 0 0 0 0 0 1 1 0 0 1 1 1 0 0 87 9 0.1 0.03 0.01 0 0 0 0.1 1 httptunnel 12
426 tcp other SF 240 619 0 0 0 0 0 0 0 0 0 0 0 0 0 0 0 0 1 1 0 0 0 0 1 0 0 42 1 0.02 0.12 0.02 0 0 0 0 0 httptunnel 1
0 tcp other REJ 0 0 0 0 0 0 0 0 0 0 0 0 0 0 0 0 0 0 1 1 0 0 1 1 1 0 0 255 7 0.03 0.02 0 0 0 0 0.03 1 httptunnel 18
0 tcp ftp_data SF 2848 0 0 0 0 0 0 0 0 0 0 0 0 0 0 0 0 0 1 1 0 0 0 0 1 0 0 131 97 0.54 0.03 0.54 0.02 0 0 0 0 httptunnel 0
0 tcp other REJ 0 0 0 0 0 0 0 0 0 0 0 0 0 0 0 0 0 0 1 1 0 0 1 1 1 0 0 255 12 0.05 0.02 0 0 0 0 0.05 1 httptunnel 17
0 tcp other REJ 0 0 0 0 0 0 0 0 0 0 0 0 0 0 0 0 0 0 1 1 0 0 1 1 1 0 0 255 26 0.1 0.02 0 0 0 0 0.09 0.81 httptunnel 16
0 tcp other REJ 0 0 0 0 0 0 0 0 0 0 0 0 0 0 0 0 0 0 1 1 0 0 1 1 1 0 0 255 19 0.07 0.01 0 0 0 0 0.05 0.68 httptunnel 15
0 tcp other REJ 0 0 0 0 0 0 0 0 0 0 0 0 0 0 0 0 0 0 1 1 0 0 1 1 1 0 0 61 8 0.13 0.08 0.02 0 0 0 0.1 0.75 httptunnel 10
0 tcp other REJ 0 0 0 0 0 0 0 0 0 0 0 0 0 0 0 0 0 0 1 1 0 0 1 1 1 0 0 255 14 0.05 0.01 0 0 0 0 0.05 0.86 httptunnel 16
0 tcp other REJ 0 0 0 0 0 0 0 0 0 0 0 0 0 0 0 0 0 0 3 1 0 0 0.33 1 0.33 0.67 0 255 22 0.09 0.01 0 0 0 0 0.06 0.73 httptunnel 16
0 tcp other REJ 0 0 0 0 0 0 0 0 0 0 0 0 0 0 0 0 0 0 1 1 0 0 1 1 1 0 0 84 7 0.08 0.04 0.01 0 0 0 0.08 1 httptunnel 12
0 tcp other SF 267 0 0 0 0 0 0 0 0 0 0 0 0 0 0 0 0 0 1 1 0 0 0 0 1 0 0 255 11 0.04 0.01 0 0 0 0 0.04 0.91 httptunnel 5
0 tcp other REJ 0 0 0 0 0 0 0 0 0 0 0 0 0 0 0 0 0 0 1 1 0 0 1 1 1 0 0 255 42 0.16 0.02 0 0 0 0 0.15 0.81 httptunnel 15
0 tcp other REJ 0 0 0 0 0 0 0 0 0 0 0 0 0 0 0 0 0 0 1 1 0 0 1 1 1 0 0 78 3 0.04 0.04 0.01 0 0 0 0.04 1 httptunnel 11
0 tcp other REJ 0 0 0 0 0 0 0 0 0 0 0 0 0 0 0 0 0 0 1 1 0 0 1 1 1 0 0 255 10 0.04 0.01 0 0 0 0 0.04 1 httptunnel 18
0 tcp other REJ 0 0 0 0 0 0 0 0 0 0 0 0 0 0 0 0 0 0 1 1 0 0 1 1 1 0 0 255 4 0.02 0.01 0 0 0 0 0.02 1 httptunnel 18
0 tcp other REJ 0 0 0 0 0 0 0 0 0 0 0 0 0 0 0 0 0 0 1 1 0 0 1 1 1 0 0 255 11 0.04 0.02 0 0 0 0 0.04 1 httptunnel 17
0 tcp other REJ 0 0 0 0 0 0 0 0 0 0 0 0 0 0 0 0 0 0 1 1 0 0 1 1 1 0 0 255 25 0.1 0.02 0 0 0 0 0.09 0.8 httptunnel 16
0 tcp other REJ 0 0 0 0 0 0 0 0 0 0 0 0 0 0 0 0 0 0 1 1 0 0 1 1 1 0 0 116 15 0.13 0.06 0.01 0 0 0 0.08 0.6 httptunnel 11
0 tcp other REJ 0 0 0 0 0 0 0 0 0 0 0 0 0 0 0 0 0 0 1 1 0 0 1 1 1 0 0 255 14 0.05 0.02 0 0 0 0 0.05 1 httptunnel 17
0 tcp other REJ 0 0 0 0 0 0 0 0 0 0 0 0 0 0 0 0 0 0 1 1 0 0 1 1 1 0 0 83 6 0.07 0.04 0.01 0 0 0 0.07 1 httptunnel 12
0 tcp other REJ 0 0 0 0 0 0 0 0 0 0 0 0 0 0 0 0 0 0 1 1 0 0 1 1 1 0 0 255 19 0.07 0.01 0 0 0 0 0.07 0.89 httptunnel 15
300 tcp other SF 244 619 0 0 0 0 0 0 0 0 0 0 0 0 0 0 0 0 2 2 0 0 0 0 1 0 0 255 12 0.05 0.01 0 0 0 0 0.04 0.83 httptunnel 4
0 tcp other REJ 0 0 0 0 0 0 0 0 0 0 0 0 0 0 0 0 0 0 1 1 0 0 1 1 1 0 0 121 19 0.16 0.06 0.01 0 0 0 0.11 0.68 httptunnel 11
0 tcp other REJ 0 0 0 0 0 0 0 0 0 0 0 0 0 0 0 0 0 0 1 1 0 0 1 1 1 0 0 255 39 0.15 0.02 0 0 0 0 0.13 0.82 httptunnel 16
0 tcp other REJ 0 0 0 0 0 0 0 0 0 0 0 0 0 0 0 0 0 0 1 1 0 0 1 1 1 0 0 255 52 0.2 0.02 0 0 0 0 0.17 0.85 httptunnel 15
0 tcp other REJ 0 0 0 0 0 0 0 0 0 0 0 0 0 0 0 0 0 0 1 1 0 0 1 1 1 0 0 255 17 0.07 0.01 0 0 0 0 0.06 0.88 httptunnel 15
0 tcp other REJ 0 0 0 0 0 0 0 0 0 0 0 0 0 0 0 0 0 0 1 1 0 0 1 1 1 0 0 255 48 0.19 0.02 0 0 0 0 0.17 0.83 httptunnel 15
0 tcp other REJ 0 0 0 0 0 0 0 0 0 0 0 0 0 0 0 0 0 0 1 1 0 0 1 1 1 0 0 76 12 0.16 0.07 0.01 0 0 0 0.11 0.67 httptunnel 11
0 tcp other REJ 0 0 0 0 0 0 0 0 0 0 0 0 0 0 0 0 0 0 1 1 0 0 1 1 1 0 0 48 5 0.1 0.1 0.02 0 0 0 0.06 0.6 httptunnel 11
0 tcp other SF 267 0 0 0 0 0 0 0 0 0 0 0 0 0 0 0 0 0 4 2 0 0 0 0 0.5 0.5 0 255 14 0.05 0.01 0 0 0 0 0.03 0.57 httptunnel 4
0 tcp other REJ 0 0 0 0 0 0 0 0 0 0 0 0 0 0 0 0 0 0 1 1 0 0 1 1 1 0 0 255 11 0.04 0.02 0 0 0 0 0.05 1 httptunnel 17
0 tcp other SF 263 0 0 0 0 0 0 0 0 0 0 0 0 0 0 0 0 0 2 2 0 0 0 0 1 0 0 43 2 0.05 0.12 0.02 0 0 0 0 0 httptunnel 2
0 tcp other REJ 0 0 0 0 0 0 0 0 0 0 0 0 0 0 0 0 0 0 1 1 0 0 1 1 1 0 0 255 6 0.02 0.01 0 0 0 0 0.02 1 httptunnel 18
300 tcp other SF 244 620 0 0 0 0 0 0 0 0 0 0 0 0 0 0 0 0 3 1 0 0 0 0 0.33 0.67 0 255 13 0.05 0.01 0 0 0 0 0.03 0.62 httptunnel 5
0 tcp other REJ 0 0 0 0 0 0 0 0 0 0 0 0 0 0 0 0 0 0 2 1 0 0 0.5 1 0.5 1 0 255 20 0.08 0.02 0 0 0 0 0.08 1 httptunnel 18
0 tcp other REJ 0 0 0 0 0 0 0 0 0 0 0 0 0 0 0 0 0 0 3 2 0 0 0.67 1 0.67 0.67 0 255 11 0.04 0.02 0.01 0 0 0 0.04 1 httptunnel 17
0 tcp other REJ 0 0 0 0 0 0 0 0 0 0 0 0 0 0 0 0 0 0 2 1 0 0 0.5 1 0.5 1 0 255 1 0 0.02 0 0 0 0 0 1 httptunnel 20
0 tcp other REJ 0 0 0 0 0 0 0 0 0 0 0 0 0 0 0 0 0 0 1 1 0 0 1 1 1 0 0 123 21 0.17 0.06 0.01 0 0 0 0.12 0.71 httptunnel 11
0 tcp other REJ 0 0 0 0 0 0 0 0 0 0 0 0 0 0 0 0 0 0 1 1 0 0 1 1 1 0 0 255 5 0.02 0.02 0 0 0 0 0.02 1 httptunnel 18
0 tcp other REJ 0 0 0 0 0 0 0 0 0 0 0 0 0 0 0 0 0 0 1 1 0 0 1 1 1 0 0 255 8 0.03 0.01 0 0 0 0 0.03 1 httptunnel 18
90 tcp ftp SF 110 351 0 0 0 1 0 1 0 0 0 0 0 0 0 0 0 0 1 1 0 0 0 0 1 0 0 148 1 0.01 0.05 0.01 0 0.01 0 0 0 httptunnel 4
0 tcp other REJ 0 0 0 0 0 0 0 0 0 0 0 0 0 0 0 0 0 0 1 1 0 0 1 1 1 0 0 255 10 0.04 0.02 0 0 0 0 0.05 1 httptunnel 18
0 tcp other REJ 0 0 0 0 0 0 0 0 0 0 0 0 0 0 0 0 0 0 1 1 0 0 1 1 1 0 0 255 10 0.04 0.02 0 0 0 0 0.04 1 httptunnel 18
0 tcp other REJ 0 0 0 0 0 0 0 0 0 0 0 0 0 0 0 0 0 0 1 1 0 0 1 1 1 0 0 255 31 0.12 0.02 0 0 0 0 0.1 0.74 httptunnel 15
0 tcp other REJ 0 0 0 0 0 0 0 0 0 0 0 0 0 0 0 0 0 0 2 1 0 0 0.5 1 0.5 1 0 255 3 0.01 0.01 0 0 0 0 0.01 1 httptunnel 20
0 tcp other REJ 0 0 0 0 0 0 0 0 0 0 0 0 0 0 0 0 0 0 1 1 0 0 1 1 1 0 0 80 4 0.05 0.04 0.01 0 0 0 0.05 1 httptunnel 12
0 tcp other REJ 0 0 0 0 0 0 0 0 0 0 0 0 0 0 0 0 0 0 1 1 0 0 1 1 1 0 0 255 50 0.2 0.02 0 0 0 0 0.18 0.84 httptunnel 15
0 tcp other REJ 0 0 0 0 0 0 0 0 0 0 0 0 0 0 0 0 0 0 1 1 0 0 1 1 1 0 0 77 2 0.03 0.04 0.01 0 0 0 0.03 1 httptunnel 12
0 tcp other REJ 0 0 0 0 0 0 0 0 0 0 0 0 0 0 0 0 0 0 2 1 0 0 0.5 1 0.5 1 0 255 5 0.02 0.02 0 0 0 0 0.02 1 httptunnel 20
0 tcp other REJ 0 0 0 0 0 0 0 0 0 0 0 0 0 0 0 0 0 0 2 1 0 0 0.5 1 0.5 1 0 255 18 0.07 0.01 0 0 0 0 0.06 0.89 httptunnel 18
0 tcp other SF 249 0 0 0 0 0 0 0 0 0 0 0 0 0 0 0 0 0 2 2 0 0 0.5 0.5 1 0 0 255 30 0.12 0.02 0 0 0 0 0.1 0.73 httptunnel 6
0 tcp other SF 249 0 0 0 0 0 0 0 0 0 0 0 0 0 0 0 0 0 2 2 0 0 0 0 1 0 0 255 24 0.09 0.02 0 0 0 0 0.09 0.79 httptunnel 5
0 tcp other REJ 0 0 0 0 0 0 0 0 0 0 0 0 0 0 0 0 0 0 1 1 0 0 1 1 1 0 0 255 47 0.18 0.02 0 0 0 0 0.16 0.83 httptunnel 15
0 tcp other REJ 0 0 0 0 0 0 0 0 0 0 0 0 0 0 0 0 0 0 1 1 0 0 1 1 1 0 0 255 18 0.07 0.01 0 0 0 0 0.05 0.67 httptunnel 15
0 tcp other REJ 0 0 0 0 0 0 0 0 0 0 0 0 0 0 0 0 0 0 1 1 0 0 1 1 1 0 0 117 16 0.14 0.06 0.01 0 0 0 0.09 0.62 httptunnel 11
0 tcp other REJ 0 0 0 0 0 0 0 0 0 0 0 0 0 0 0 0 0 0 1 1 0 0 1 1 1 0 0 120 18 0.15 0.06 0.01 0 0 0 0.1 0.67 httptunnel 11
0 tcp other REJ 0 0 0 0 0 0 0 0 0 0 0 0 0 0 0 0 0 0 1 1 0 0 1 1 1 0 0 81 5 0.06 0.04 0.01 0 0 0 0.06 1 httptunnel 12
0 tcp other REJ 0 0 0 0 0 0 0 0 0 0 0 0 0 0 0 0 0 0 1 1 0 0 1 1 1 0 0 255 6 0.02 0.02 0 0 0 0 0.02 1 httptunnel 18
0 tcp other REJ 0 0 0 0 0 0 0 0 0 0 0 0 0 0 0 0 0 0 1 1 0 0 1 1 1 0 0 255 49 0.19 0.02 0 0 0 0 0.17 0.84 httptunnel 15
0 tcp other REJ 0 0 0 0 0 0 0 0 0 0 0 0 0 0 0 0 0 0 1 1 0 0 1 1 1 0 0 76 1 0.01 0.04 0.01 0 0 0 0.01 1 httptunnel 12
0 tcp other SF 240 614 0 0 0 0 0 0 0 0 0 0 0 0 0 0 0 0 1 1 0 0 0 0 1 0 0 255 23 0.09 0.02 0 0 0 0 0.09 0.83 httptunnel 5
0 tcp other REJ 0 0 0 0 0 0 0 0 0 0 0 0 0 0 0 0 0 0 1 1 0 0 1 1 1 0 0 255 7 0.03 0.01 0 0 0 0 0.03 1 httptunnel 18
0 tcp other REJ 0 0 0 0 0 0 0 0 0 0 0 0 0 0 0 0 0 0 1 1 0 0 1 1 1 0 0 255 19 0.07 0.02 0 0 0 0 0.08 0.95 httptunnel 16
0 tcp other REJ 0 0 0 0 0 0 0 0 0 0 0 0 0 0 0 0 0 0 1 1 0 0 1 1 1 0 0 126 23 0.18 0.06 0.01 0 0 0 0.13 0.74 httptunnel 10
0 tcp other REJ 0 0 0 0 0 0 0 0 0 0 0 0 0 0 0 0 0 0 1 1 0 0 1 1 1 0 0 255 5 0.02 0.01 0 0 0 0 0.02 1 httptunnel 18
0 tcp other SF 263 0 0 0 0 0 0 0 0 0 0 0 0 0 0 0 0 0 2 2 0 0 0 0 1 0 0 115 14 0.12 0.06 0.01 0 0 0 0.07 0.57 httptunnel 8
0 tcp other REJ 0 0 0 0 0 0 0 0 0 0 0 0 0 0 0 0 0 0 1 1 0 0 1 1 1 0 0 44 3 0.07 0.11 0.02 0 0 0 0.02 0.33 httptunnel 12
0 tcp other REJ 0 0 0 0 0 0 0 0 0 0 0 0 0 0 0 0 0 0 1 1 0 0 1 1 1 0 0 122 20 0.16 0.06 0.01 0 0 0 0.11 0.7 httptunnel 11
0 tcp other SF 12127 0 0 0 0 0 0 0 0 0 0 0 0 0 0 0 0 0 1 1 0 0 0 0 1 0 0 255 27 0.11 0.02 0 0 0 0 0.09 0.78 httptunnel 5
0 tcp other REJ 0 0 0 0 0 0 0 0 0 0 0 0 0 0 0 0 0 0 1 1 0 0 1 1 1 0 0 53 6 0.11 0.09 0.02 0 0 0 0.08 0.67 httptunnel 10
0 tcp other REJ 0 0 0 0 0 0 0 0 0 0 0 0 0 0 0 0 0 0 1 1 0 0 1 1 1 0 0 255 20 0.08 0.01 0 0 0 0 0.07 0.9 httptunnel 15
0 tcp other REJ 0 0 0 0 0 0 0 0 0 0 0 0 0 0 0 0 0 0 1 1 0 0 1 1 1 0 0 255 15 0.06 0.02 0 0 0 0 0.07 1 httptunnel 16
0 tcp other REJ 0 0 0 0 0 0 0 0 0 0 0 0 0 0 0 0 0 0 1 1 0 0 1 1 1 0 0 255 13 0.05 0.02 0 0 0 0 0.05 1 httptunnel 17
0 tcp other REJ 0 0 0 0 0 0 0 0 0 0 0 0 0 0 0 0 0 0 1 1 0 0 1 1 1 0 0 255 44 0.17 0.02 0 0 0 0 0.15 0.82 httptunnel 15
0 tcp other REJ 0 0 0 0 0 0 0 0 0 0 0 0 0 0 0 0 0 0 1 1 0 0 1 1 1 0 0 255 22 0.09 0.02 0 0 0 0 0.09 0.86 httptunnel 17
0 tcp other REJ 0 0 0 0 0 0 0 0 0 0 0 0 0 0 0 0 0 0 1 1 0 0 1 1 1 0 0 255 30 0.12 0.02 0 0 0 0 0.1 0.73 httptunnel 16
0 tcp other REJ 0 0 0 0 0 0 0 0 0 0 0 0 0 0 0 0 0 0 1 1 0 0 1 1 1 0 0 255 9 0.04 0.01 0 0 0 0 0.04 1 httptunnel 18
0 tcp other REJ 0 0 0 0 0 0 0 0 0 0 0 0 0 0 0 0 0 0 1 1 0 0 1 1 1 0 0 255 40 0.16 0.02 0 0 0 0 0.14 0.8 httptunnel 15
0 tcp other REJ 0 0 0 0 0 0 0 0 0 0 0 0 0 0 0 0 0 0 1 1 0 0 1 1 1 0 0 255 38 0.15 0.02 0 0 0 0 0.13 0.79 httptunnel 16
0 tcp other REJ 0 0 0 0 0 0 0 0 0 0 0 0 0 0 0 0 0 0 2 1 0 0 0.5 1 0.5 1 0 255 23 0.09 0.01 0 0 0 0 0.07 0.74 httptunnel 18
0 tcp other REJ 0 0 0 0 0 0 0 0 0 0 0 0 0 0 0 0 0 0 1 1 0 0 1 1 1 0 0 62 9 0.15 0.08 0.02 0 0 0 0.11 0.78 httptunnel 11
0 tcp other REJ 0 0 0 0 0 0 0 0 0 0 0 0 0 0 0 0 0 0 2 1 0 0 0.5 1 0.5 1 0 255 9 0.04 0.02 0 0 0 0 0.04 1 httptunnel 20
0 tcp other REJ 0 0 0 0 0 0 0 0 0 0 0 0 0 0 0 0 0 0 1 1 0 0 1 1 1 0 0 255 17 0.07 0.02 0 0 0 0 0.08 1 httptunnel 16
0 tcp other REJ 0 0 0 0 0 0 0 0 0 0 0 0 0 0 0 0 0 0 1 1 0 0 1 1 1 0 0 255 18 0.07 0.02 0 0 0 0 0.07 1 httptunnel 16
0 tcp other REJ 0 0 0 0 0 0 0 0 0 0 0 0 0 0 0 0 0 0 2 1 0 0 0.5 1 0.5 1 0 255 16 0.06 0.01 0 0 0 0 0.05 0.88 httptunnel 18
0 tcp other REJ 0 0 0 0 0 0 0 0 0 0 0 0 0 0 0 0 0 0 1 1 0 0 1 1 1 0 0 255 16 0.06 0.01 0 0 0 0 0.04 0.62 httptunnel 15
0 tcp other REJ 0 0 0 0 0 0 0 0 0 0 0 0 0 0 0 0 0 0 1 1 0 0 1 1 1 0 0 45 4 0.09 0.11 0.02 0 0 0 0.04 0.5 httptunnel 11
0 tcp other REJ 0 0 0 0 0 0 0 0 0 0 0 0 0 0 0 0 0 0 2 1 0 0 0.5 1 0.5 1 0 255 2 0.01 0.02 0 0 0 0 0.01 1 httptunnel 20
0 tcp other REJ 0 0 0 0 0 0 0 0 0 0 0 0 0 0 0 0 0 0 1 1 0 0 1 1 1 0 0 255 1 0 0.01 0 0 0 0 0 1 httptunnel 18
0 tcp other REJ 0 0 0 0 0 0 0 0 0 0 0 0 0 0 0 0 0 0 1 1 0 0 1 1 1 0 0 255 13 0.05 0.01 0 0 0 0 0.04 0.85 httptunnel 16
0 tcp other RSTR 244 620 0 0 0 0 0 0 0 0 0 0 0 0 0 0 0 0 1 1 0 0 1 1 1 0 0 255 29 0.11 0.02 0 0 0 0 0.1 0.76 httptunnel 8
0 tcp other REJ 0 0 0 0 0 0 0 0 0 0 0 0 0 0 0 0 0 0 1 1 0 0 1 1 1 0 0 255 34 0.13 0.02 0 0 0 0 0.11 0.76 httptunnel 16
0 tcp other REJ 0 0 0 0 0 0 0 0 0 0 0 0 0 0 0 0 0 0 1 1 0 0 1 1 1 0 0 255 3 0.01 0.02 0 0 0 0 0.01 1 httptunnel 18
0 tcp other REJ 0 0 0 0 0 0 0 0 0 0 0 0 0 0 0 0 0 0 1 1 0 0 1 1 1 0 0 255 36 0.14 0.02 0 0 0 0 0.12 0.78 httptunnel 17
0 tcp other SF 267 0 0 0 0 0 0 0 0 0 0 0 0 0 0 0 0 0 2 2 0 0 0 0 1 0 0 255 22 0.09 0.01 0 0 0 0 0.07 0.82 httptunnel 5
0 tcp other SF 249 0 0 0 0 0 0 0 0 0 0 0 0 0 0 0 0 0 1 1 0 0 0 0 1 0 0 255 20 0.08 0.02 0 0 0 0 0.08 0.9 httptunnel 4
0 tcp other REJ 0 0 0 0 0 0 0 0 0 0 0 0 0 0 0 0 0 0 1 1 0 0 1 1 1 0 0 255 43 0.17 0.02 0 0 0 0 0.15 0.81 httptunnel 15
0 tcp other REJ 0 0 0 0 0 0 0 0 0 0 0 0 0 0 0 0 0 0 1 1 0 0 1 1 1 0 0 255 15 0.06 0.01 0 0 0 0 0.05 0.87 httptunnel 15
0 tcp other REJ 0 0 0 0 0 0 0 0 0 0 0 0 0 0 0 0 0 0 1 1 0 0 1 1 1 0 0 255 12 0.05 0.02 0 0 0 0 0.06 1 httptunnel 17
0 tcp other REJ 0 0 0 0 0 0 0 0 0 0 0 0 0 0 0 0 0 0 1 1 0 0 1 1 1 0 0 125 22 0.18 0.06 0.01 0 0 0 0.13 0.73 httptunnel 10
0 tcp other REJ 0 0 0 0 0 0 0 0 0 0 0 0 0 0 0 0 0 0 2 1 0 0 0.5 1 0.5 1 0 255 16 0.06 0.02 0 0 0 0 0.06 1 httptunnel 18
0 tcp other SF 240 611 0 0 0 0 0 0 0 0 0 0 0 0 0 0 0 0 2 2 0 0 0 0 1 0 0 255 21 0.08 0.02 0 0 0 0 0.08 0.86 httptunnel 5
1419 tcp telnet SF 46134 46626 0 0 0 3 0 1 9 1 1 7 0 1 0 0 0 0 1 1 0 0 0 0 1 0 0 125 30 0.24 0.03 0.01 0 0 0 0 0 httptunnel 3
126 tcp other SF 263 0 0 0 0 0 0 0 0 0 0 0 0 0 0 0 0 0 1 1 0 0 0 0 1 0 0 65 10 0.15 0.08 0.02 0 0 0 0.11 0.7 httptunnel 5
0 tcp other REJ 0 0 0 0 0 0 0 0 0 0 0 0 0 0 0 0 0 0 2 1 0 0 0.5 1 0.5 1 0 255 4 0.02 0.02 0 0 0 0 0.02 1 httptunnel 20
0 tcp other REJ 0 0 0 0 0 0 0 0 0 0 0 0 0 0 0 0 0 0 1 1 0 0 1 1 1 0 0 255 9 0.04 0.02 0 0 0 0 0.05 1 httptunnel 18
0 tcp other REJ 0 0 0 0 0 0 0 0 0 0 0 0 0 0 0 0 0 0 1 1 0 0 1 1 1 0 0 255 35 0.14 0.02 0 0 0 0 0.12 0.77 httptunnel 17
0 tcp other REJ 0 0 0 0 0 0 0 0 0 0 0 0 0 0 0 0 0 0 1 1 0 0 1 1 1 0 0 255 2 0.01 0.02 0 0 0 0 0.01 1 httptunnel 18
0 tcp other REJ 0 0 0 0 0 0 0 0 0 0 0 0 0 0 0 0 0 0 1 1 0 0 1 1 1 0 0 255 51 0.2 0.02 0 0 0 0 0.18 0.84 httptunnel 15
0 tcp other REJ 0 0 0 0 0 0 0 0 0 0 0 0 0 0 0 0 0 0 1 1 0 0 1 1 1 0 0 255 46 0.18 0.02 0 0 0 0 0.16 0.83 httptunnel 15
0 tcp other REJ 0 0 0 0 0 0 0 0 0 0 0 0 0 0 0 0 0 0 1 1 0 0 1 1 1 0 0 255 41 0.16 0.02 0 0 0 0 0.14 0.8 httptunnel 15
0 tcp other RSTR 244 611 0 0 0 0 0 0 0 0 0 0 0 0 0 0 0 0 1 1 0 0 1 1 1 0 0 255 16 0.06 0.02 0 0 0 0 0.07 1 httptunnel 7
0 tcp other REJ 0 0 0 0 0 0 0 0 0 0 0 0 0 0 0 0 0 0 1 1 0 0 1 1 1 0 0 255 16 0.06 0.02 0 0 0 0 0.07 1 httptunnel 16
0 tcp other REJ 0 0 0 0 0 0 0 0 0 0 0 0 0 0 0 0 0 0 1 1 0 0 1 1 1 0 0 86 8 0.09 0.03 0.01 0 0 0 0.09 1 httptunnel 11
0 tcp other REJ 0 0 0 0 0 0 0 0 0 0 0 0 0 0 0 0 0 0 1 1 0 0 1 1 1 0 0 255 45 0.18 0.02 0 0 0 0 0.16 0.82 httptunnel 15
0 tcp other REJ 0 0 0 0 0 0 0 0 0 0 0 0 0 0 0 0 0 0 1 1 0 0 1 1 1 0 0 255 15 0.06 0.01 0 0 0 0 0.04 0.6 httptunnel 15
0 tcp other REJ 0 0 0 0 0 0 0 0 0 0 0 0 0 0 0 0 0 0 1 1 0 0 1 1 1 0 0 255 2 0.01 0.01 0 0 0 0 0.01 1 httptunnel 18
0 tcp other REJ 0 0 0 0 0 0 0 0 0 0 0 0 0 0 0 0 0 0 1 1 0 0 1 1 1 0 0 255 8 0.03 0.02 0 0 0 0 0.03 1 httptunnel 18
0 tcp other REJ 0 0 0 0 0 0 0 0 0 0 0 0 0 0 0 0 0 0 2 1 0 0 0.5 1 0.5 1 0 255 32 0.13 0.02 0 0 0 0 0.11 0.75 httptunnel 17
0 tcp other REJ 0 0 0 0 0 0 0 0 0 0 0 0 0 0 0 0 0 0 3 1 0 0 0.33 1 0.33 0.67 0 255 20 0.08 0.01 0 0 0 0 0.05 0.7 httptunnel 15
0 tcp other REJ 0 0 0 0 0 0 0 0 0 0 0 0 0 0 0 0 0 0 1 1 0 0 1 1 1 0 0 255 13 0.05 0.02 0 0 0 0 0.06 1 httptunnel 17
300 tcp other SF 240 620 0 0 0 0 0 0 0 0 0 0 0 0 0 0 0 0 1 1 0 0 0 0 1 0 0 114 13 0.11 0.06 0.01 0 0 0 0.07 0.62 httptunnel 7
0 tcp other SF 249 0 0 0 0 0 0 0 0 0 0 0 0 0 0 0 0 0 2 2 0 0 0.5 0.5 1 0 0 255 17 0.07 0.02 0 0 0 0 0.07 0.94 httptunnel 6
0 tcp other REJ 0 0 0 0 0 0 0 0 0 0 0 0 0 0 0 0 0 0 1 1 0 0 1 1 1 0 0 255 17 0.07 0.01 0 0 0 0 0.04 0.65 httptunnel 15
0 tcp other REJ 0 0 0 0 0 0 0 0 0 0 0 0 0 0 0 0 0 0 1 1 0 0 1 1 1 0 0 255 9 0.04 0.02 0 0 0 0 0.04 1 httptunnel 18
75 tcp telnet SF 277 1087 0 0 0 2 0 1 1 1 0 0 4 2 0 0 0 0 1 1 0 0 0 0 1 0 0 137 101 0.74 0.04 0.01 0 0.73 0.99 0 0 loadmodule 9
84 tcp telnet SF 277 1089 0 0 0 2 0 1 1 1 0 0 4 2 0 0 0 0 1 1 0 0 0 0 1 0 0 255 1 0 0.07 0 0 0.14 0 0.86 0 loadmodule 3
40 tcp telnet SF 258 2625 0 0 0 0 0 1 0 0 0 0 2 1 0 0 0 0 1 1 0 0 0 0 1 0 0 28 2 0.04 0.21 0.04 1 0 0 0.07 0 perl 1
43 tcp telnet SF 260 2611 0 0 0 0 0 1 0 1 0 2 2 1 0 0 0 0 1 1 0 0 0 0 1 0 0 255 13 0.05 0.02 0 0 0 0 0.03 0.62 perl 3
6 tcp ftp SF 50 199 0 0 0 0 0 1 0 0 0 0 0 0 0 0 0 0 1 1 0 0 0 0 1 0 0 25 19 0.76 0.12 0.04 0 0 0 0 0 ps 5
5 tcp ftp SF 95 332 0 0 0 1 0 1 0 0 0 0 1 0 0 0 0 0 1 1 0 0 0 0 1 0 0 247 90 0.36 0.03 0 0 0 0 0 0 ps 7
31 tcp telnet SF 197 1644 0 0 0 1 0 1 1 0 0 1 2 1 0 0 0 0 1 1 0 0 0 0 1 0 0 255 172 0.67 0.02 0 0 0.63 0.94 0.02 0 ps 13
1 tcp telnet SF 117 1357 0 0 0 0 0 1 0 0 0 0 0 0 0 0 0 0 1 1 0 0 0 0 1 0 0 26 2 0.08 0.12 0.04 0 0 0 0 0 ps 3
31 tcp telnet SF 198 1608 0 0 0 1 0 1 1 0 0 1 2 1 0 0 0 0 1 1 0 0 0 0 1 0 0 29 3 0.1 0.1 0.03 0 0 0 0 0 ps 0
0 tcp ftp_data SF 0 3249 0 0 0 0 0 0 0 0 0 0 0 0 0 0 0 0 1 1 0 0 0 0 1 0 0 1 11 1 0 1 0.27 0 0 0 0 ps 14
5 tcp ftp SF 94 333 0 0 0 1 0 1 0 0 0 0 1 0 0 0 0 0 1 1 0 0 0 0 1 0 0 27 20 0.74 0.11 0.04 0 0 0 0 0 ps 5
135 tcp telnet SF 353 5769 0 0 0 4 0 1 8 1 0 7 2 0 1 0 0 0 1 1 0 0 0 0 1 0 0 255 141 0.55 0.03 0 0 0.48 0.86 0.02 0.01 ps 9
0 tcp ftp_data SF 0 3249 0 0 0 0 0 0 0 0 0 0 0 0 0 0 0 0 1 1 0 0 0 0 1 0 0 1 1 1 0 1 0 0 0 0 0 ps 13
0 tcp ftp_data SF 3346 0 0 0 0 0 0 0 0 0 0 0 0 0 0 0 0 0 1 1 0 0 0 0 1 0 0 255 44 0.17 0.03 0.17 0 0.45 0 0.02 0 ps 7
6 tcp ftp SF 94 332 0 0 0 1 0 1 0 0 0 0 1 0 0 0 0 0 1 1 0 0 0 0 1 0 0 96 1 0.01 0.03 0.01 0 0.01 0 0 0 ps 4
31 tcp telnet SF 197 1608 0 0 0 1 0 1 1 0 0 1 2 1 0 0 0 0 1 1 0 0 0 0 1 0 0 248 32 0.13 0.03 0 0 0 0 0 0 ps 0
0 tcp ftp_data SF 0 3249 0 0 0 0 0 0 0 0 0 0 0 0 0 0 0 0 1 1 0 0 0 0 1 0 0 242 20 0.05 0.03 0.05 0.1 0.01 0 0 0 ps 1
23 tcp ftp SF 146 650 0 0 0 2 1 1 0 0 0 0 0 0 0 0 1 0 1 1 0 0 0 0 1 0 0 3 1 0.33 0.67 0.33 0 0 0 0 0 ps 7
61 tcp telnet SF 195 2051 0 0 0 1 0 1 0 0 0 0 2 1 0 0 0 0 1 1 0 0 0 0 1 0 0 97 29 0.3 0.03 0.01 0 0.01 0.03 0 0 ps 0
0 tcp ftp_data SF 45 0 0 0 0 0 0 0 0 0 0 0 0 0 0 0 0 0 1 1 0 0 0 0 1 0 0 255 50 0.2 0.03 0.2 0 0.29 0 0.02 0 rootkit 7
31 tcp ftp SF 189 541 0 0 0 3 0 1 0 0 0 0 0 0 0 0 1 0 1 1 0 0 0 0 1 0 0 1 1 1 0 1 0 0 0 0 0 rootkit 6
0 tcp ftp_data SF 3346 0 0 0 0 0 0 0 0 0 0 0 0 0 0 0 0 0 1 1 0 0 0 0 1 0 0 255 49 0.19 0.03 0.19 0 0.32 0 0.02 0 rootkit 7
804 tcp telnet SF 1589 36386 0 0 3 7 0 1 49 1 0 145 1 0 0 0 0 0 1 1 0 0 0 0 1 0 0 18 4 0.22 0.17 0.06 0 0 0 0.06 0.25 rootkit 0
0 tcp ftp_data SF 116 0 0 0 0 0 0 0 0 0 0 0 0 0 0 0 0 0 1 1 0 0 0 0 1 0 0 255 52 0.2 0.03 0.2 0 0.2 0 0.02 0 rootkit 7
35 tcp ftp SF 96 533 0 0 0 1 0 1 0 0 0 0 0 0 0 0 0 0 1 1 0 0 0 0 1 0 0 221 3 0.01 0.03 0 0 0 0 0 0 rootkit 4
988 tcp telnet SF 1773 32209 0 0 0 4 0 1 57 1 0 51 7 5 0 0 0 0 1 1 0 0 0 0 1 0 0 255 104 0.41 0.03 0 0 0.33 0.77 0.02 0.01 rootkit 8
15 tcp ftp SF 45 214 0 0 0 0 0 1 0 0 0 0 0 0 0 0 0 0 1 1 0 0 0 0 1 0 0 226 4 0.02 0.03 0 0 0 0 0 0 rootkit 4
49 tcp ftp SF 158 504 0 0 0 2 0 1 0 0 0 0 0 0 0 0 0 0 1 1 0 0 0 0 1 0 0 199 2 0.01 0.04 0.01 0 0 0 0 0 rootkit 5
54 tcp ftp SF 148 643 0 0 0 2 0 1 0 0 0 0 0 0 0 0 0 0 1 1 0 0 0 0 1 0 0 192 1 0.01 0.04 0.01 0 0 0 0 0 rootkit 5
10 tcp ftp_data SF 256000 0 0 0 0 0 0 0 0 0 0 0 0 0 0 0 0 0 1 1 0 0 0 0 1 0 0 255 51 0.2 0.03 0.2 0 0.29 0 0.02 0 rootkit 7
0 tcp ftp_data SF 195 0 0 0 0 0 0 0 0 0 0 0 0 0 0 0 0 0 1 1 0 0 0 0 1 0 0 19 32 0.47 0.16 0.47 0.06 0 0 0.05 0 rootkit 0
0 tcp ftp_data SF 283618 0 0 0 0 0 0 0 0 0 0 0 0 0 0 0 0 0 1 1 0 0 0 0 1 0 0 20 33 0.5 0.15 0.5 0.06 0 0 0.05 0 rootkit 1
2 tcp telnet SF 398 3881 0 0 1 1 0 1 0 1 0 4 3 1 1 0 0 0 1 1 0 0 0 0 1 0 0 255 22 0.09 0.02 0 0 0 0 0 0 sqlattack 1
2 tcp telnet SF 398 3881 0 0 1 1 0 1 0 1 0 4 3 1 1 0 0 0 1 1 0 0 0 0 1 0 0 153 19 0.12 0.1 0.01 0 0 0 0.02 0 sqlattack 1
54 tcp telnet SF 3256 36458 0 0 2 1 0 1 25 1 0 2 0 0 1 0 0 0 1 1 0 0 0 0 1 0 0 95 96 0.41 0.05 0.01 0.02 0 0 0.17 0.52 xterm 0
73 tcp telnet SF 3222 4004 0 0 2 1 0 1 1 1 0 0 0 0 0 0 0 0 1 1 0 0 0 0 1 0 0 9 6 0.67 0.33 0.11 0 0 0 0 0 xterm 1
19 tcp ftp SF 127 649 0 0 0 1 0 1 0 0 0 0 0 0 0 0 1 0 1 1 0 0 0 0 1 0 0 3 1 0.33 0.67 0.33 0 0 0 0 0 xterm 5
0 tcp ftp_data SF 2209 0 0 0 0 0 0 0 0 0 0 0 0 0 0 0 0 0 1 1 0 0 0 0 1 0 0 4 2 0.5 0.5 0.5 0 0 0 0 0 xterm 1
0 tcp ftp_data SF 2209 0 0 0 0 0 0 0 0 0 0 0 0 0 0 0 0 0 1 1 0 0 0 0 1 0 0 2 1 0.5 1 0.5 0 0 0 0 0 xterm 0
242 tcp telnet SF 504 27200 0 0 1 2 0 1 165 1 0 173 3 0 2 0 0 0 1 1 0 0 0 0 1 0 0 2 2 1 0 0.5 0 0 0 0 0 xterm 0
314 tcp telnet SF 2602 3167 0 0 0 1 0 1 4 0 0 8 4 1 0 0 0 0 1 1 0 0 0 0 1 0 0 2 5 1 0 0.5 0.8 0 0 0 0 xterm 2
21 tcp ftp SF 132 572 0 0 0 2 0 1 0 0 0 0 0 0 0 0 1 0 1 1 0 0 0 0 1 0 0 18 1 0.06 0.17 0.06 0 0 0 0 0 xterm 4
73 tcp telnet SF 3741 25423 0 0 2 6 0 1 0 1 0 0 0 0 0 0 0 0 1 1 0 0 0 0 1 0 0 6 4 0.67 0.33 0.17 0 0 0 0 0 xterm 1
293 tcp telnet SF 2773 41955 0 0 0 1 0 1 14 1 0 23 1 1 1 0 0 0 1 1 0 0 0 0 1 0 0 5 3 0.6 0.4 0.2 0 0 0 0 0 xterm 0
184 tcp telnet SF 2923 5285 0 0 1 2 0 1 11 1 0 17 1 1 0 0 0 0 1 1 0 0 0 0 1 0 0 1 2 1 0 1 1 0 0 0 0 xterm 3
89 tcp telnet SF 3750 27510 0 0 2 3 0 1 23 1 0 0 0 0 0 0 0 0 1 1 0 0 0 0 1 0 0 4 90 0.5 0.5 0.25 0.03 0 0.01 0 0.62 xterm 1
0 tcp ftp_data SF 10946 0 0 0 0 0 0 0 0 0 0 0 0 0 0 0 0 0 1 2 0 0 0 0 1 0 1 3 1 0.33 0.67 0.33 0 0 0 0 0 xterm 0
